Orientation:[0.957308, -0.020093, 0.288037, -0.013893], Position:[0.654711, -0.028625, 1.028765]
Orientation:[0.932575, 0.041080, 0.288426, -0.213137], Position:[0.588609, -0.294715, 1.026012]
Orientation:[0.937952, 0.033975, 0.206656, -0.276377], Position:[0.466997, -0.308015, 1.104378]
Orientation:[0.953435, 0.007790, 0.123895, -0.274864], Position:[0.439314, -0.279390, 1.230366]
Orientation:[0.983887, -0.042223, 0.128186, 0.117265], Position:[0.522811, 0.123272, 1.221902]
Orientation:[0.976186, -0.048504, 0.169313, 0.126655], Position:[0.551361, 0.140798, 1.168832]
Orientation:[0.974364, -0.049788, 0.178697, 0.127292], Position:[0.637540, 0.163679, 1.201446]
Orientation:[0.965915, -0.054660, 0.218646, 0.127339], Position:[0.785361, 0.201699, 1.184517]
Orientation:[0.974202, -0.028192, 0.223627, 0.011232], Position:[0.810808, 0.009967, 1.184488]
Orientation:[0.966615, -0.023875, 0.255081, -0.004464], Position:[0.975933, -0.021270, 1.147632]
Orientation:[0.946706, 0.005866, 0.308773, -0.091497], Position:[1.021316, -0.216089, 1.052670]
Orientation:[0.914451, 0.057577, 0.240874, -0.320070], Position:[0.746474, -0.610373, 1.162234]
Orientation:[0.944171, 0.016046, 0.304511, -0.124726], Position:[0.999215, -0.285442, 1.060044]
Orientation:[0.940019, -0.069902, 0.301939, 0.142519], Position:[1.002990, 0.293901, 1.050660]
Orientation:[0.949555, -0.069310, 0.259820, 0.161352], Position:[0.712115, 0.238515, 1.097290]
Orientation:[0.964237, -0.055174, 0.227014, 0.125166], Position:[0.683243, 0.172167, 1.139709]
Orientation:[0.962991, -0.055090, 0.234321, 0.121276], Position:[0.653300, 0.159029, 1.114698]
Orientation:[0.968037, -0.007955, 0.240584, -0.070431], Position:[0.664103, -0.105153, 1.114695]
Orientation:[0.937861, 0.026232, 0.167458, -0.302799], Position:[0.597702, -0.437758, 1.260707]
Orientation:[0.908656, 0.064410, 0.254291, -0.324856], Position:[0.683406, -0.575253, 1.135329]
Orientation:[0.957049, -0.001616, 0.278920, -0.079114], Position:[0.900705, -0.162915, 1.109177]
Orientation:[0.976866, -0.023554, 0.212291, -0.010484], Position:[0.675817, -0.021377, 1.161771]
Orientation:[0.962208, -0.009504, 0.266418, -0.055565], Position:[0.656299, -0.084945, 1.067546]
Orientation:[0.953725, -0.065839, 0.249100, 0.154996], Position:[0.619967, 0.198186, 1.076963]
Orientation:[0.972973, -0.052721, 0.162311, 0.155558], Position:[0.658778, 0.210611, 1.241483]
Orientation:[0.974467, -0.021456, 0.222743, -0.018400], Position:[0.691445, -0.033569, 1.151378]
